-51
-54
37
-59
-14
-64
31
89
-44
82
42
39
98
-38
12
-26
-86
-20
34
-84
15
72
-50
-38
-87
-33
39
-83
-96
47
-9
-57
-13
-97
-77
35
29
-90
12
-10
18
-23
-76
62
30
-53
86
-62
27
81
-46
9
-21
-8
-11
-70
14
-14
53
58
-11
-53
59
45
-39
-5
18
-34
9
-21
-1
-57
-32
-26
30
3
-65
38
76
69
44
42
11
6
-77
17
-2
97
-69
56
80
-69
68
91
18
45
70
47
-20
-100
72
67
77
-13
57
-71
-33
-91
-99
30
10
9
85
88
56
-28
15
-65
-5
8
-29
-38
12
62
-89
75
85
35
-9
81
-40
14
39
51
-18
81
27
75
-67
-19
-83
31
43
72
41
14
-56
22
43
-58
-80
57
-49
97
0
53
-38
-13
32
75
61
92
-30
-48
-70
22
73
-18
-73
-17
91
-3
-47
-18
-44
73
-55
-35
20
51
50
61
-68
-99
67
65
7
-16
-92
-58
7
-57
-34
1
-62
95
66
34
-95
37
-70
-89
-79
97
-1
1
-84
47
94
-97
53
15
-38
-55
-69
34
-91
-65
48
-40
-27
88
19
-49
-72
-1
-67
-31
-42
-82
-10
73
-77
-21
46
51
-87
91
6
69
49
50
24
62
-42
-33
32
67
59
71
-69
12
-66
28
-88
-59
62
90
96
44
-2
13
14
-96
33
100
-23
32
60
-49
-82
-47
-32
86
-73
-6
81
69
16
11
-88
-87
51
16
13
9
-40
69
78
-44
-32
82
-67
-59
-49
-2
-58
56
54
-84
-53
45
40
-22
-50
33
-3
93
-28
-54
90
-31
-70
-2
7
11
17
54
49
44
22
74
57
-52
-12
100
27
71
-76
-16
-53
93
29
-42
-91
-33
-90
51
38
-60
-87
-44
-67
18
-74
61
72
28
93
-57
3
-44
-88
18
81
-95
-92
-76
-82
-54
33
10
-38
-19
-7
50
90
-66
-39
60
91
-69
18
-72
76
63
-71
65
-57
-47
95
32
43
41
69
94
2
-8
15
1
67
25
-56
100
40
63
55
-27
21
15
17
-58
96
-21
61
90
-56
31
95
65
24
-3
-80
-41
45
-59
-37
62
-40
20
25
99
12
-25
48
89
-30
-97
4
14
-1
-80
92
39
44
-5
90
47
38
-34
24
1
-49
85
22
-45
-4
-42
17
-52
53
100
67
-84
-41
44
80
-36
95
35
-61
-93
-10
9
-76
-62
98
26
50
-20
14
-48
-78
-93
-77
-43
71
-15
-47
-56
29
-33
-29
-17
-16
38
14
-92
100
44
95
99
-88
-78
-47
-62
-100
-59
-17
42
64
-17
20
55
55
74
64
-50
-51
-57
-65
-100
-48
13
-23
60
-83
-6
90
-93
36
-60
72
88
84
17
13
-83
-33
-35
-34
-4
-77
-33
-53
60
-14
54
42
-10
33
2
-48
22
-54
51
6
-56
90
39
18
73
92
-9
-59
-97
62
-27
7
-51
-79
13
72
-43
50
99
69
-70
-88
-66
-63
-9
-19
-25
-59
-37
32
80
60
30
52
-18
76
-49
83
-91
-26
20
88
63
-72
94
-31
5
72
6
-55
5
81
6
99
-49
54
95
-78
83
68
23
63
21
88
-32
29
-97
-17
67
26
-51
29
20
69
94
66
14
-81
14
-85
-10
-39
44
-57
-8
-49
71
-4
-61
-86
-37
-36
-85
-89
5
84
-58
-9
78
-21
-91
39
-33
-81
-47
4
60
-29
-100
-85
-74
93
-80
-10
36
-68
-97
6
41
-65
36
54
-48
0
61
36
55
-90
-47
-6
-62
-45
13
91
-8
-7
17
-37
67
88
-91
87
90
68
37
-67
-31
-56
57
-67
16
-85
54
-68
-45
-60
-65
34
24
-8
17
-94
-14
3
-31
28
12
-16
83
37
-54
-50
-32
69
-15
-64
79
-78
-58
60
64
-76
46
1
-60
59
40
29
-32
-100
-61
89
24
54
72
-1
-29
-43
-80
-26
-71
57
-13
-63
-68
-83
-72
72
-11
-82
15
65
87
-97
57
-55
32
-85
-22
50
-63
0
-20
11
16
-100
16
-31
87
89
-9
-9
-25
-56
72
27
-54
-40
98
-68
-13
71
-35
-50
-76
-94
72
85
-39
88
86
65
97
51
-80
-15
80
85
87
3
85
82
-49
-12
61
96
86
-59
87
16
-59
-100
75
-9
0
-68
-25
-92
-14
-57
6
49
9
24
-5
-85
43
78
4
11
-70
-60
-84
82
-90
-49
17
-20
-9
73
-89
73
-2
72
60
-91
-71
66
-77
-30
-50
60
-21
9
24
14
-84
-49
57
-36
66
88
-30
-15
72
5
25
34
-97
38
90
48
1
-98
28
-63
27
-20
-69
42
34
72
73
-46
58
8
-19
66
-87
82
19
-1
-88
-66
96
-100
0
14
58
-33
-24
-44
-61
64
43
-73
-14
99
-94
-25
86
13
-9
-33
-16
-78
-92
89
20
-100
-39
38
-98
-65
-25
-80
71
-98
-28
-4
17
-7
-90
-15
45
77
-28
78
70
-11
69
-33
-79
-14
66
-50
17
49
-46
31
-86
-47
-74
-36
-28
-70
32
-67
-44
60
-38
18
-61
-75
62
85
-49
-21
-60
-59
-77
-88
7
50
-2
6
89
67
-96
44
56
66
79
48
7
77
64
1
96
-86
94
-11
-67
63
73
-20
5
-76
-71
21
-66
-53
29
13
-4
54
-32
92
13
-57
46
89
-83
-21
45
-95
54
92
10
39
27
84
39
69
-100
-6
-27
73
-26
91
-2
-12
-24
-48
-25
82
-96
54
24
2
41
85
-80
20
32
-20
-97
-8
-63
-48
-55
-78
60
7
-70
-18
-89
-17
-18
-90
24
-36
-65
-59
-41
19
68
-88
80
81
57
25
98
73
-56
1
64
44
-60
-62
3
-44
90
65
-32
-32
-64
40
24
99
31
24
94
-47
-10
42
-75
-57
-86
55
-31
1
-12
40